// filter coefficients for use in my_second_dsp_app
// created in matlab using : b = fir1(110,0.1,'high');
 0.000463209,
 0.000452903,
 0.000403460,
 0.000312227,
 0.000177433,
 0.000000000,
-0.000214393,
-0.000453465,
-0.000697244,
-0.000918201,
-0.001082916,
-0.001155394,
-0.001101814,
-0.000896249,
-0.000526625,
-0.000000000,
 0.000653789,
 0.001381003,
 0.002106052,
 0.002737041,
 0.003174634,
 0.003323624,
 0.003106096,
 0.002474683,
 0.001424217,
-0.000000000,
-0.001698851,
-0.003522157,
-0.005278068,
-0.006748919,
-0.007712555,
-0.007967384,
-0.007358769,
-0.005803953,
-0.003312571,
-0.000000000,
 0.003908710,
 0.008085742,
 0.012118664,
 0.015539067,
 0.017859773,
 0.018617640,
 0.017418213,
 0.013978024,
 0.008160265,
-0.000000000,
-0.010284140,
-0.022293658,
-0.035469777,
-0.049127896,
-0.062504420,
-0.074812240,
-0.085300177,
-0.093311233,
-0.098334477,
 0.900413023,
-0.098334477,
-0.093311233,
-0.085300177,
-0.074812240,
-0.062504420,
-0.049127896,
-0.035469777,
-0.022293658,
-0.010284140,
-0.000000000,
 0.008160265,
 0.013978024,
 0.017418213,
 0.018617640,
 0.017859773,
 0.015539067,
 0.012118664,
 0.008085742,
 0.003908710,
-0.000000000,
-0.003312571,
-0.005803953,
-0.007358769,
-0.007967384,
-0.007712555,
-0.006748919,
-0.005278068,
-0.003522157,
-0.001698851,
-0.000000000,
 0.001424217,
 0.002474683,
 0.003106096,
 0.003323624,
 0.003174634,
 0.002737041,
 0.002106052,
 0.001381003,
 0.000653789,
-0.000000000,
-0.000526625,
-0.000896249,
-0.001101814,
-0.001155394,
-0.001082916,
-0.000918201,
-0.000697244,
-0.000453465,
-0.000214393,
 0.000000000,
 0.000177433,
 0.000312227,
 0.000403460,
 0.000452903,
 0.000463209
